     X       Y         Off      dG    Mod-dg    Res-dg   S-Res  Test
 359471. 6013024.      0.0      2.4      0.9      1.5    -0.50        
 362467. 6008586.      0.0     52.0     44.7      7.3    -2.38        
 363047. 6007741.      0.0     97.1     88.3      8.8    -2.88        
 363419. 6008490.      0.0     81.6     78.3      3.3    -1.07        
 365887. 6010286.      0.0     34.7     25.4      9.3    -3.03        
 361802. 6007502.      0.0     26.3     34.2     -7.9    -2.57        
 360886. 6005568.      0.0     51.9     39.6     12.3    -4.03        
 363446. 6005840.      0.0     56.0     54.7      1.3    -0.43        
 364134. 6005157.      0.0     45.7     37.4      8.3    -2.73        
 364417. 6003660.      0.0     -1.9     13.8    -15.7    -5.12        
 359587. 6015896.      0.0      1.2      0.6      0.6    -0.19        
 360575. 6011702.      0.0    -30.6    -17.5    -13.1    -4.27        
 368776. 6014566.      0.0    -15.8     -4.2    -11.6    -3.80        
 360094. 6011232.      0.0    -27.7    -15.4    -12.3    -4.00        
 366218. 6013152.      0.0    -14.6     -3.3    -11.3    -3.68        
 362310. 6012305.      0.0      2.2      2.9     -0.7    -0.23        
 366617. 6013924.      0.0     -7.5     -3.9     -3.6    -1.16        
 363307. 6013055.      0.0    -14.4     -2.1    -12.3    -4.00        
 360126. 6004774.      0.0     14.4     14.4     -0.0    -0.01        
 359342. 6011482.      0.0     -2.6     -0.6     -2.0    -0.66        
 359234. 6010402.      0.0     -1.3      2.2     -3.5    -1.15        
 367065. 6010915.      0.0     -0.3     10.7    -11.0    -3.58        
 368780. 6009716.      0.0     34.3     21.4     12.9    -4.22        
 367080. 6013156.      0.0    -13.5     -3.1    -10.4    -3.41        
