359471.0 6013023.5  2215.1   2.4  
362466.6 6008586.1  2196.4  52.0  
363047.4 6007740.9  2209.7  97.1  
363418.6 6008490.1  2204.9  81.6  
365886.7 6010285.7  2210.6  34.7  
361801.7 6007502.7  2254.4  26.3  
360886.5 6005567.6  2220.7  51.9  
363446.4 6005839.8  2218.1  56.0  
364134.3 6005157.0  2201.0  45.7  
364416.8 6003660.2  2217.1  -1.9  
359587.4 6015895.8  2180.0   1.2  
360574.6 6011701.9  2296.6  -30.6 
368775.5 6014566.6  2257.9  -15.8 
360094.5 6011232.6  2237.4  -27.7 
366217.8 6013152.2  2338.1  -14.6 
362310.0 6012305.1  2314.9   2.2  
366617.1 6013923.9  2356.3  -7.5  
363306.9 6013055.2  2377.5  -14.4 
360125.5 6004774.3  2224.2  14.4  
359341.6 6011481.3  2215.3  -2.6  
359233.6 6010402.2  2227.3  -1.3  
367064.8 6010915.0  2201.5  -0.3  
368780.5 6009715.9  2418.2  34.3  
367080.4 6013156.4  2431.1  -13.5 